[0, 0, 0.34993818673719995]
[0, 1, 0.34404501172950441]
[0, 2, 0.34656923170762582]
[0, 3, 0.33991701794283591]
[0, 4, 0.33368600752472627]
[1, 0, 0.35409779803621866]
[1, 1, 0.35074712108301709]
[1, 2, 0.33951607732828681]
[1, 3, 0.35569628735427067]
[1, 4, 0.34992414681605943]
[2, 0, 0.35907542261906056]
[2, 1, 0.35283313242850106]
[2, 2, 0.34950160663375385]
[2, 3, 0.35405107287928794]
[2, 4, 0.34868787428151621]
[3, 0, 0.35656668768094313]
[3, 1, 0.35697129495088425]
[3, 2, 0.34618967489976932]
[3, 3, 0.36318424278521444]
[3, 4, 0.35118531875309539]
[4, 0, 0.35239823432468825]
[4, 1, 0.35157350266253673]
[4, 2, 0.35199202018220344]
[4, 3, 0.35902097606183375]
[4, 4, 0.35324622589758192]
[5, 0, 0.35864232549220765]
[5, 1, 0.35866548861921255]
[5, 2, 0.35824896537550954]
[5, 3, 0.36110173607297141]
[5, 4, 0.3557298782913495]
[6, 0, 0.3607602455066663]
[6, 1, 0.36777538765183754]
[6, 2, 0.35781500532372157]
[6, 3, 0.35862755178060529]
[6, 4, 0.35116032229839445]
[7, 0, 0.3582576571785665]
[7, 1, 0.36862258153820981]
[7, 2, 0.35697992151552738]
[7, 3, 0.35777870797686478]
[7, 4, 0.35448073007437203]
[8, 0, 0.36240272122113504]
[8, 1, 0.36695585358511956]
[8, 2, 0.35531501592757392]
[8, 3, 0.36192197104247342]
[8, 4, 0.35531057324230819]
[9, 0, 0.36115093102738088]
[9, 1, 0.36362507200645172]
[9, 2, 0.35449293693628747]
[9, 3, 0.36234469463510688]
[9, 4, 0.35697465921862176]
[10, 0, 0.35950233035954221]
[10, 1, 0.36032104454614944]
[10, 2, 0.35531668750158973]
[10, 3, 0.35945225109202072]
[10, 4, 0.35697209263740559]
[11, 0, 0.36407103439012134]
[11, 1, 0.36238014028805854]
[11, 2, 0.35614917264630247]
[11, 3, 0.35820313522577923]
[11, 4, 0.35447118657741]
[12, 0, 0.36159006701795482]
[12, 1, 0.36239924867015932]
[12, 2, 0.3549138058130481]
[12, 3, 0.36193415651621208]
[12, 4, 0.35572730101604499]
[13, 0, 0.36576460255122606]
[13, 1, 0.36613633021248998]
[13, 2, 0.3524250098312306]
[13, 3, 0.36361556086022573]
[13, 4, 0.35615258022733537]
[14, 0, 0.36534097325730391]
[14, 1, 0.3682058644585614]
[14, 2, 0.35283992593391905]
[14, 3, 0.36610871343766016]
[14, 4, 0.35738357977088447]
[15, 0, 0.36575496200205598]
[15, 1, 0.36738030249068165]
[15, 2, 0.35489647675125963]
[15, 3, 0.3631833047331896]
[15, 4, 0.35531926477689424]
[16, 0, 0.36244499273024072]
[16, 1, 0.36861389000362371]
[16, 2, 0.35489995972785293]
[16, 3, 0.36279089389954633]